Run semi-empirical minimization
 &qmmm
    qm_theory='AM1', grms_tol=0.0005,
 scfconv=1.d-10, ndiis_attempts=700,   qmcharge=-1,
 /
   6    C1       22.1750       12.8680        5.6220 
   6    C2       21.6590       14.1120        6.3420 
   6    C3       20.7990       14.9550        5.6720 
   6    C4       20.3000       16.1040        6.3160 
   6    C5       18.8320       17.9020        6.1690 
   6    C6       19.1060       18.1960        7.4760 
   6    C7       20.0540       17.5200        8.2050 
   6    C8       20.2320       17.8400        9.7020 
   6    C9       20.6100       16.3500        7.5860 
   6   C10       21.4760       15.4720        8.2770 
   6   C11       21.9980       14.3710        7.6340 
   6   C12       22.9550       13.4410        8.3760 
   8    O1       19.4320       16.8780        5.5870 
   8    O2       18.0860       18.5100        5.5470 
   8    O3       19.1800       17.1950       12.0480 
   8    O4       19.3270       15.3740       10.4920 
   8    O5       17.5830       17.2030       10.2270 
  15    P1       18.9950       16.8720       10.7400 
   1    H1       21.6570       12.7280        4.7780 
   1    H2       22.5710       12.5180        8.4090 
   1    H3       23.1420       12.9860        5.3950 
   1    H4       22.0640       12.0750        6.2220 
   1    H5       21.1610       17.5980        9.9830 
   1    H6       20.0920       18.8190        9.8500 
   1    H7       23.8340       13.4100        7.9000 
   1    H8       23.0880       13.7850        9.3060 
   1    H9       20.5300       14.7510        4.7310 
   1   H10       18.5960       18.9330        7.9190 
   1   H11       21.7100       15.6500        9.2330 
   1   H12       17.3350       18.1540       10.4430 

